0 [110129] [110117] OR 0
0 [110128] [110117] OR 0
0 [110129] [109909] OR 0
0 [110327] [110117] OR 1
0 [110342] [110117] OR 1
0 [110342] [109909] OR 1
0 [110129] [109938] AND 1
0 [110128] [109938] AND 1
0 [110129] [109934] AND 1
0 [110342] [109938] AND 0
0 [110342] [109934] AND 0
1 [110128] [110118] OR 0
1 [110127] [110118] OR 0
1 [110128] [109908] OR 0
1 [110317] [110118] OR 1
1 [110327] [110118] OR 1
1 [110327] [109908] OR 1
1 [110128] [109942] AND 1
1 [110127] [109942] AND 1
1 [110128] [109939] AND 1
1 [110327] [109942] AND 0
1 [110327] [109939] AND 0
2 [110127] [109907] OR 0
2 [110317] [109907] OR 1
2 [110127] [109947] AND 1
2 [110119] [109947] AND 1
2 [110127] [109944] AND 1
2 [110317] [109947] AND 0
2 [110317] [109944] AND 0
